%YAML:1.0
---
rt: !!opencv-matrix
   rows: 4
   cols: 4
   dt: d
   data: [ 0.997721254826, -0.002477638191, -0.067425452173, -25.343688964844,
            -0.002477638191, 0.997306108475, -0.073309943080, -27.555175781250,
            0.067425452173, 0.073309943080, 0.995027363300, -436.734741210938,
            0., 0., 0., 1. ]